# Undirected graph (each unordered pair of nodes is saved once): mygraph.txt
# Nodes: 985 Edges: 3020
# NodeId	NodeId
0	48
0	340
0	345
0	350
0	608
0	892
1	52
1	605
1	628
1	683
1	869
2	3
2	12
2	165
2	170
2	187
2	353
2	371
2	607
2	614
3	12
3	187
3	203
3	353
3	371
3	607
3	638
4	162
4	175
4	179
4	405
4	612
4	639
4	936
5	72
5	96
5	219
5	343
5	474
5	763
5	967
6	177
6	421
6	618
6	644
6	656
6	950
7	26
7	103
7	193
7	247
7	367
7	447
7	511
7	521
8	116
8	279
8	284
8	451
8	621
8	668
8	732
9	86
9	241
9	280
9	376
9	898
10	180
10	185
10	351
10	608
10	611
10	620
10	872
11	37
11	131
11	364
11	615
11	641
11	685
11	895
12	170
12	187
12	203
12	353
12	358
12	614
12	616
12	638
13	197
13	263
13	348
13	386
13	435
13	632
13	674
13	885
13	941
14	205
14	335
14	344
14	870
14	908
15	210
15	250
15	406
15	769
15	969
16	19
16	86
16	382
16	400
16	462
16	463
16	604
16	672
16	898
17	158
17	355
17	424
17	474
17	919
18	337
18	375
18	407
18	873
18	954
19	382
19	400
19	462
19	604
20	82
20	261
20	395
20	418
20	739
20	943
21	361
21	369
21	459
21	605
21	662
21	909
21	977
22	24
22	380
22	396
22	438
22	902
22	972
23	73
23	188
23	191
23	636
23	875
23	920
23	930
23	935
24	44
24	380
24	396
24	972
25	208
25	650
25	729
25	736
25	902
25	972
26	193
26	247
26	359
26	367
26	521
27	133
27	263
27	435
27	632
27	677
27	699
27	911
28	32
28	119
28	408
28	623
28	642
29	51
29	53
29	198
29	425
29	496
29	647
29	648
29	960
30	34
30	171
30	173
30	192
30	488
30	717
30	740
30	945
30	953
31	196
31	357
31	630
31	631
31	913
31	956
32	113
32	408
32	623
32	642
32	681
33	67
33	183
33	208
33	384
33	438
34	97
34	171
34	173
34	192
34	488
34	717
34	740
34	945
34	953
35	37
35	47
35	299
35	391
35	491
35	877
35	879
36	181
36	184
36	352
36	365
36	634
37	299
37	641
37	879
38	90
38	347
38	461
38	643
38	894
38	962
39	236
39	336
39	423
39	710
39	716
39	881
40	74
40	98
40	117
40	246
40	318
40	622
41	105
41	197
41	348
41	373
41	386
41	610
41	626
41	627
41	897
42	50
42	79
42	147
42	160
42	204
42	437
42	730
42	775
43	60
43	482
43	603
43	700
43	959
44	196
44	250
44	380
44	396
44	956
44	972
45	375
45	407
45	430
45	636
45	678
46	59
46	75
46	288
46	370
46	397
46	657
46	667
46	932
47	49
47	80
47	200
47	299
47	491
47	628
47	637
47	981
48	340
48	345
48	358
48	698
48	892
49	80
49	491
49	912
49	928
49	981
50	79
50	147
50	160
50	204
50	437
50	730
50	775
51	53
51	198
51	388
51	425
51	496
51	647
52	68
52	88
52	633
52	640
52	890
53	387
53	388
53	496
53	633
53	647
53	890
54	213
54	361
54	422
54	605
54	869
54	887
54	915
55	402
55	439
55	480
55	509
55	652
55	800
55	968
56	205
56	344
56	352
56	410
56	443
56	870
56	908
57	122
57	221
57	354
57	419
57	659
57	868
58	72
58	92
58	485
58	693
58	738
58	763
58	967
59	228
59	288
59	731
59	978
60	257
60	264
60	466
60	700
60	792
60	959
61	63
61	189
61	281
61	409
61	957
62	254
62	272
62	749
62	790
62	806
62	933
62	937
63	174
63	372
63	409
63	508
63	761
63	957
64	212
64	392
64	422
64	613
64	899
65	108
65	122
65	349
65	377
65	676
66	76
66	215
66	401
66	429
66	741
66	821
66	965
67	183
67	208
67	384
67	438
67	650
67	902
68	88
68	633
68	640
68	890
69	93
69	114
69	458
69	671
69	929
70	78
70	91
70	118
70	269
70	949
71	127
71	290
71	452
71	542
71	548
71	854
72	219
72	343
72	474
72	763
72	967
73	457
73	737
73	875
73	920
73	935
73	970
74	101
74	268
74	368
74	622
74	796
75	212
75	370
75	392
75	397
76	401
76	429
76	458
76	741
76	821
76	929
76	965
77	137
77	266
77	464
77	470
77	479
77	512
77	513
77	703
77	805
77	807
78	91
78	114
78	118
78	774
79	160
79	437
79	727
80	200
80	628
80	637
81	178
81	211
81	217
81	625
81	684
81	726
81	900
82	395
82	418
82	666
82	938
82	943
83	237
83	430
83	678
83	692
83	875
83	927
84	259
84	456
84	722
84	918
84	980
85	293
85	473
85	493
85	522
85	803
86	241
86	280
86	376
86	382
86	463
86	898
87	115
87	124
87	534
87	539
87	714
87	758
87	765
87	827
88	633
88	640
88	890
89	234
89	237
89	273
89	441
89	504
89	535
90	167
90	347
90	894
90	962
91	110
91	118
91	745
91	931
92	190
92	355
92	688
92	693
92	738
93	114
93	129
93	209
93	705
93	774
94	383
94	414
94	485
94	715
94	822
95	244
95	306
95	519
95	810
95	820
95	975
96	315
96	343
96	410
96	443
97	171
97	401
97	679
97	717
97	945
97	953
98	117
98	246
98	310
98	622
99	229
99	405
99	440
99	889
99	891
100	120
100	146
100	473
100	503
100	522
101	268
101	310
101	446
101	796
102	106
102	297
102	518
102	663
102	844
103	163
103	182
103	367
103	447
103	619
104	328
104	722
104	733
104	855
104	918
105	373
105	626
105	627
105	897
106	297
106	518
106	663
106	844
107	385
107	487
107	677
107	699
107	911
107	924
107	941
108	240
108	349
108	377
108	412
108	646
108	676
109	270
109	301
109	323
109	766
109	979
110	249
110	269
110	723
110	745
110	931
110	949
110	958
111	291
111	306
111	475
111	519
111	781
111	964
111	975
112	712
112	776
112	831
112	916
112	951
113	408
113	623
113	642
113	681
113	803
114	209
114	705
114	774
115	124
115	534
115	539
115	714
115	765
115	827
116	279
116	284
116	332
116	546
116	732
117	246
117	310
117	318
117	622
118	774
118	949
119	412
119	646
119	664
119	744
120	121
120	146
120	308
120	473
120	503
120	522
120	789
120	824
120	826
121	169
121	308
121	789
121	824
121	826
121	866
122	221
122	349
122	377
122	419
122	659
123	550
123	682
123	854
123	963
123	974
124	534
124	714
124	758
124	765
125	136
125	141
125	150
125	303
125	502
125	533
126	441
126	460
126	504
126	692
126	917
127	290
127	452
127	542
127	548
128	216
128	260
128	426
128	469
128	706
128	983
129	209
129	411
129	657
129	705
129	932
130	145
130	149
130	151
130	476
130	520
130	718
131	364
131	615
131	662
131	685
131	895
132	314
132	524
132	756
132	816
132	863
133	435
133	449
133	815
133	926
134	169
134	309
134	552
134	789
134	866
135	327
135	547
135	552
135	864
135	968
136	141
136	150
136	303
136	502
137	283
137	512
137	665
137	701
137	805
137	948
138	373
138	617
138	619
138	795
138	839
139	257
139	261
139	466
139	700
139	739
139	792
140	300
140	313
140	431
140	481
140	531
141	150
141	303
141	502
141	533
142	242
142	468
142	484
142	686
142	778
142	833
143	467
143	675
143	722
143	733
143	772
143	855
144	445
144	449
144	787
144	815
144	926
145	149
145	151
145	476
145	520
146	473
146	503
146	522
147	204
147	239
147	719
147	730
147	775
148	290
148	295
148	785
148	790
148	838
149	151
149	476
149	507
149	520
149	718
150	303
150	502
150	533
151	476
151	507
151	520
151	718
152	153
152	248
152	295
152	326
152	472
152	540
152	785
152	829
152	840
152	984
153	314
153	472
153	529
153	840
154	155
154	157
154	316
154	537
154	847
154	850
155	157
155	316
155	472
155	829
155	850
155	861
155	984
156	172
156	374
156	423
156	793
156	851
157	316
157	472
157	816
157	850
158	355
158	424
158	474
158	919
159	252
159	338
159	514
159	711
159	916
160	204
160	271
160	437
160	727
160	767
161	170
161	350
161	614
161	616
161	878
162	179
162	235
162	381
162	639
162	876
163	182
163	373
163	447
163	897
164	165
164	337
164	356
164	527
164	878
165	170
165	337
165	356
165	527
165	878
166	167
166	889
166	894
166	896
166	962
167	894
167	896
167	962
168	207
168	292
168	341
168	342
168	906
169	309
169	789
169	866
170	187
170	353
170	614
170	616
171	173
171	192
171	740
171	953
172	374
172	423
172	793
172	851
173	192
173	740
173	953
174	372
174	508
174	761
174	957
175	179
175	405
175	612
175	639
175	936
176	606
176	631
176	880
176	884
176	913
177	421
177	618
177	644
177	656
177	950
178	293
178	489
178	493
178	684
178	802
178	900
179	405
179	612
179	639
180	185
180	351
180	611
180	620
181	315
181	365
181	410
181	634
182	373
182	447
182	897
183	208
183	384
183	455
184	365
184	606
184	634
184	884
185	351
185	611
185	620
186	226
186	277
186	360
186	434
186	505
186	624
186	680
186	944
187	203
187	353
187	371
187	638
188	375
188	407
188	636
188	930
189	281
189	296
189	307
189	409
189	454
190	243
190	275
190	688
190	693
190	849
191	636
191	920
191	930
191	935
192	740
192	953
193	339
193	359
193	367
193	389
193	691
194	195
194	199
194	366
194	461
194	653
194	923
194	925
195	366
195	461
195	643
195	923
195	925
196	357
196	406
196	630
196	631
196	956
197	348
197	386
197	626
197	674
198	388
198	496
198	647
198	904
199	387
199	388
199	640
199	653
200	628
200	637
200	683
201	215
201	426
201	436
201	469
201	695
202	427
202	645
202	713
202	764
202	938
202	943
203	358
203	638
203	903
204	239
204	719
204	730
204	775
205	335
205	344
205	606
205	870
205	908
206	220
206	256
206	399
206	403
206	404
206	660
206	673
206	914
207	292
207	338
207	341
207	342
207	609
207	893
207	906
208	384
208	438
208	448
208	455
208	525
208	650
208	735
209	411
209	657
209	705
209	932
210	222
210	250
210	406
210	769
210	969
211	217
211	321
211	329
211	625
211	684
211	726
211	900
212	213
212	370
212	392
212	397
212	613
213	361
213	392
213	613
213	915
214	264
214	362
214	499
214	500
214	736
214	811
215	436
215	695
215	965
216	426
216	469
216	706
216	983
217	321
217	329
217	625
217	726
217	900
218	458
218	488
218	498
218	655
218	679
219	343
219	474
219	763
219	967
220	256
220	399
220	403
220	404
220	482
220	603
220	660
220	673
220	914
221	354
221	419
221	651
221	659
221	868
222	250
222	729
222	736
222	769
222	811
223	230
223	530
223	689
223	707
223	973
224	262
224	560
224	573
224	592
224	753
225	251
225	413
225	425
225	490
225	648
226	360
226	505
226	624
226	680
226	944
227	231
227	297
227	322
227	518
227	551
227	754
227	771
228	288
228	498
228	671
228	731
228	978
229	405
229	440
229	889
229	891
230	530
230	689
230	707
230	973
231	282
231	297
231	322
231	551
231	754
231	771
232	395
232	424
232	687
232	938
232	943
233	415
233	782
233	963
233	974
233	982
234	237
234	273
234	441
234	535
235	381
235	876
235	882
235	928
236	336
236	374
236	710
236	716
236	746
236	881
237	273
237	441
237	460
237	504
237	535
237	692
238	374
238	690
238	710
238	746
238	793
238	903
239	271
239	317
239	719
239	779
240	412
240	646
240	664
240	676
240	744
241	280
241	376
241	898
242	468
242	484
242	686
242	833
243	275
243	849
243	933
243	937
244	306
244	519
244	765
244	810
244	975
245	319
245	464
245	470
245	479
245	513
245	728
245	748
246	267
246	286
246	318
246	453
246	622
246	759
247	367
247	511
247	521
248	295
248	529
248	540
248	785
249	269
249	745
249	949
249	958
250	406
250	969
251	413
251	428
251	490
251	654
252	333
252	431
252	514
252	711
252	853
252	916
253	265
253	319
253	471
253	495
253	510
253	728
253	734
253	751
254	272
254	749
254	790
254	806
254	937
255	258
255	465
255	538
255	649
255	940
255	974
255	982
256	363
256	398
256	399
256	670
256	673
257	261
257	466
257	700
257	792
258	355
258	649
258	688
258	940
259	456
259	675
259	722
259	918
259	980
260	426
260	436
260	469
260	706
261	418
261	466
261	739
262	559
262	560
262	592
262	753
263	435
263	626
263	632
263	674
264	362
264	444
264	658
264	696
264	910
264	959
265	319
265	471
265	495
265	510
265	734
265	751
266	283
266	512
266	703
266	805
266	807
267	286
267	453
267	728
267	759
267	762
268	310
268	446
268	796
269	745
269	949
270	301
270	323
270	766
270	979
271	317
271	719
271	727
271	767
271	779
272	806
272	849
272	933
272	937
273	441
273	457
273	501
273	535
273	702
273	720
273	804
274	331
274	416
274	432
274	433
274	955
275	849
275	933
275	937
276	298
276	324
276	786
276	791
276	799
277	360
277	417
277	434
277	629
277	680
277	721
278	287
278	311
278	783
278	823
278	836
279	284
279	332
279	546
279	621
279	668
279	732
280	376
280	898
281	296
281	307
281	439
281	652
282	486
282	551
282	697
282	709
282	757
282	771
283	512
283	665
283	701
283	805
283	948
284	332
284	546
284	732
285	494
285	747
285	755
285	798
285	819
285	848
286	318
286	453
286	762
287	311
287	544
287	783
287	801
287	823
287	836
288	667
288	731
288	978
289	492
289	526
289	544
289	760
289	788
289	801
289	812
290	452
290	548
290	790
290	838
291	306
291	752
291	781
291	964
291	975
292	341
292	342
292	906
293	489
293	493
293	802
293	803
294	333
294	523
294	768
294	777
294	834
294	853
295	529
295	785
295	838
296	307
296	402
296	439
296	454
296	480
296	652
297	322
297	518
297	663
297	709
297	754
297	771
297	844
298	324
298	515
298	791
298	799
298	809
299	491
299	877
299	879
300	313
300	431
300	481
300	678
301	323
301	758
301	766
301	979
302	334
302	483
302	541
302	553
302	724
302	857
302	859
303	502
303	533
304	312
304	528
304	537
304	835
304	861
304	888
305	320
305	477
305	743
305	780
305	794
305	797
305	808
306	475
306	519
306	752
306	810
306	964
306	975
307	439
307	652
308	789
308	824
308	826
309	789
309	824
309	866
310	446
311	783
311	823
311	836
312	528
312	537
312	843
312	846
312	847
312	862
313	431
313	481
313	531
314	472
314	524
314	529
314	756
314	816
314	840
315	410
315	443
315	549
315	832
316	472
316	850
317	719
317	767
317	779
318	622
319	464
319	728
319	734
319	748
320	477
320	515
320	704
320	743
320	780
320	808
320	809
320	813
320	966
321	329
321	625
321	726
322	754
322	771
322	845
323	758
323	765
324	433
324	786
324	791
324	799
324	814
325	468
325	484
325	543
325	778
325	833
325	845
325	852
326	540
326	829
326	861
326	984
327	547
327	552
327	864
327	866
328	722
328	733
328	855
328	918
329	625
329	726
330	536
330	550
330	682
330	817
330	825
330	842
330	858
331	444
331	525
331	696
331	910
332	546
332	849
333	431
333	514
333	523
333	834
333	853
334	483
334	541
334	553
334	773
334	852
335	618
335	656
335	870
335	908
336	423
336	716
336	768
336	777
336	881
337	356
337	527
337	873
337	954
338	514
338	609
338	893
338	906
339	346
339	359
339	381
339	389
339	691
340	345
340	608
340	611
340	770
340	892
341	342
341	906
342	906
343	763
344	352
344	870
344	908
345	608
345	698
345	892
346	359
346	389
346	691
346	871
346	906
347	461
347	643
347	894
348	386
348	674
348	885
348	886
349	377
349	676
350	614
350	616
350	878
350	892
351	611
351	620
352	410
352	443
352	634
352	870
353	371
353	607
353	616
354	419
354	651
354	868
355	688
355	919
356	527
356	873
357	631
357	913
357	956
358	638
358	892
359	389
359	521
359	691
359	871
360	417
360	434
360	505
360	624
360	680
361	459
361	605
361	915
362	444
362	658
362	735
362	811
363	398
363	670
363	673
363	708
363	955
364	641
364	895
364	924
365	410
365	634
366	461
366	643
366	653
366	923
366	925
367	447
367	521
367	691
368	501
368	702
368	720
368	796
369	662
369	683
369	685
369	909
369	977
370	392
370	397
371	607
371	954
372	508
372	761
372	957
373	617
373	839
373	897
374	710
374	746
374	793
374	851
375	407
375	636
375	678
375	930
376	898
377	676
378	432
378	536
378	708
378	786
378	814
378	842
379	478
379	661
379	867
379	904
379	925
380	396
380	956
380	972
381	876
381	882
382	400
382	463
382	672
382	898
383	414
383	694
383	715
383	784
383	822
383	952
384	448
384	455
385	386
385	885
385	886
385	924
386	627
386	674
386	885
386	886
387	388
387	647
387	890
388	647
388	867
389	521
389	691
389	871
390	516
390	545
390	818
390	830
390	837
390	856
390	860
390	922
391	491
391	610
391	627
391	877
392	397
392	613
393	394
393	635
393	669
393	770
393	883
394	635
394	669
394	770
394	883
395	418
395	687
395	739
395	938
395	943
396	956
398	416
398	432
398	670
398	673
398	955
399	482
399	603
399	660
399	914
400	462
400	604
400	672
401	429
401	965
402	439
402	454
402	652
403	404
403	660
403	666
403	914
404	660
404	666
404	673
404	914
405	612
405	639
405	936
406	630
406	969
407	636
407	678
407	930
408	623
408	642
408	681
408	803
409	508
409	761
409	957
410	443
410	634
411	657
411	667
411	671
411	705
411	932
412	646
412	664
412	744
413	428
413	490
413	497
413	654
414	485
414	732
414	822
415	536
415	708
415	782
415	817
415	825
415	963
416	432
416	433
416	955
417	434
417	629
417	680
417	721
417	939
418	739
419	651
419	659
419	868
420	635
420	669
420	872
420	874
420	939
420	944
421	618
421	644
421	656
421	950
422	613
422	869
422	887
422	899
422	907
422	915
422	942
423	716
423	851
424	687
424	919
424	950
425	450
425	496
425	648
425	960
426	436
426	469
426	695
426	706
426	983
427	645
427	713
427	764
427	938
428	456
428	497
428	654
429	821
429	965
430	636
430	678
430	692
430	927
430	930
431	481
431	834
431	853
432	433
432	670
432	955
433	814
434	629
434	680
434	721
435	626
435	632
436	469
436	695
437	727
438	650
438	902
438	972
439	454
439	480
439	652
440	889
440	891
440	896
441	460
441	504
441	535
441	692
442	478
442	497
442	506
442	654
442	661
442	904
443	634
444	658
444	696
444	910
444	959
445	449
445	787
445	815
445	926
446	702
446	725
448	455
448	525
448	735
449	787
449	815
449	926
450	648
450	907
450	942
450	960
451	621
451	668
451	684
451	900
452	529
452	542
452	548
453	759
453	762
454	652
455	525
455	658
455	735
456	675
456	772
456	918
456	946
456	961
456	980
457	737
457	875
457	970
458	498
458	655
458	821
458	929
459	662
459	909
459	977
460	504
460	917
461	643
461	923
462	604
462	672
463	672
463	898
464	470
464	513
464	748
465	538
465	649
465	940
465	974
466	700
466	792
467	675
467	733
467	772
467	946
467	961
467	980
468	484
468	686
468	778
468	833
469	695
469	706
469	983
470	513
470	665
470	701
470	748
471	495
471	510
471	751
472	540
472	829
472	840
472	850
472	984
473	503
473	522
474	967
475	534
475	781
475	964
476	520
476	718
476	820
477	704
477	743
477	808
478	497
478	506
478	661
478	904
479	512
479	513
479	703
480	509
480	652
480	800
480	968
481	531
482	603
482	660
482	914
483	541
483	553
483	724
483	857
483	859
484	686
484	778
484	833
485	738
485	763
486	697
486	709
486	757
486	888
487	677
487	699
487	911
487	941
488	679
488	953
489	493
489	684
489	802
490	497
490	654
491	610
491	877
491	879
491	912
491	981
492	517
492	526
492	544
492	760
492	788
492	801
492	812
492	865
493	684
493	802
494	747
494	755
494	798
494	819
494	848
495	510
495	751
496	647
496	648
497	506
497	654
497	661
498	655
498	731
498	978
499	500
499	736
499	769
499	811
500	736
500	769
500	811
501	702
501	720
501	725
501	804
502	533
503	522
504	917
505	624
505	680
506	654
506	661
506	904
507	752
507	781
507	964
508	761
508	957
509	652
509	800
509	968
510	751
511	521
511	795
511	831
512	513
512	703
512	805
512	807
513	748
514	609
514	711
514	893
515	704
515	809
515	813
515	966
516	545
516	818
516	830
516	856
516	922
517	532
517	543
517	773
517	788
517	865
518	663
518	709
518	771
518	844
519	810
519	975
520	718
520	820
523	777
523	834
523	853
523	881
524	756
524	816
524	863
525	658
525	735
526	532
526	760
526	788
526	797
526	812
527	873
528	537
528	835
528	862
528	888
529	785
529	840
530	689
530	707
530	835
530	888
530	973
531	712
531	776
531	905
531	947
532	773
532	794
532	797
532	808
534	539
534	714
534	765
534	827
536	708
536	817
536	825
536	842
537	843
537	846
537	847
537	862
538	749
538	940
538	974
539	714
539	827
540	829
540	850
540	984
541	553
541	724
541	857
541	859
542	548
542	854
543	773
543	852
543	865
544	801
544	812
544	865
545	818
545	837
545	856
545	860
545	922
546	732
547	552
547	855
547	864
549	715
549	742
549	832
549	952
549	971
550	682
550	817
550	854
550	858
551	771
551	973
552	864
552	866
553	857
554	555
554	563
554	564
554	597
554	598
554	599
555	556
555	582
555	596
555	597
556	557
556	589
556	595
556	596
557	558
557	590
557	594
557	595
557	901
557	934
558	559
558	592
558	593
558	594
558	595
558	901
558	934
559	560
559	592
559	593
559	594
560	561
560	591
560	592
560	593
560	753
561	562
561	573
561	589
561	590
561	591
561	592
562	573
562	574
562	589
562	590
562	591
563	564
563	575
563	576
563	577
563	582
563	597
564	565
564	576
564	577
564	578
564	598
565	566
565	577
565	578
565	598
565	599
566	567
566	578
566	579
566	580
566	599
567	568
567	579
567	580
567	599
568	569
568	570
568	579
568	580
569	570
569	571
569	580
569	581
569	600
569	601
570	571
570	581
570	588
570	600
570	601
570	602
571	581
571	586
571	587
571	588
571	600
571	601
571	602
572	583
572	584
572	585
572	586
572	587
572	750
572	828
572	921
572	976
573	574
573	590
573	591
573	753
574	575
574	589
574	590
575	576
575	582
575	589
576	577
576	582
577	578
578	579
579	580
581	588
581	602
581	750
581	976
582	596
582	597
583	584
583	585
583	586
583	587
583	828
583	921
584	585
584	586
584	587
585	586
585	587
586	587
586	588
586	602
587	588
587	602
588	602
588	921
589	590
590	591
591	592
592	593
592	753
593	594
594	595
594	901
594	934
595	596
595	901
595	934
596	597
597	598
598	599
600	601
600	602
601	602
603	660
603	914
604	672
605	869
606	880
606	884
607	954
608	611
609	871
609	893
609	906
610	627
610	877
611	620
612	639
612	896
612	936
613	899
614	616
614	878
615	641
615	662
615	685
615	895
616	878
617	619
617	795
617	839
618	656
619	795
619	839
621	668
621	732
623	642
623	681
623	803
624	680
625	726
625	900
626	632
626	839
627	877
628	637
628	683
629	721
629	939
630	631
630	644
631	880
631	913
632	674
633	640
633	890
635	669
635	770
635	872
635	874
635	883
636	927
636	930
637	683
638	903
639	876
639	936
640	890
641	685
641	895
642	803
644	950
645	713
645	764
645	938
646	664
646	744
648	960
649	688
649	940
650	902
651	659
651	868
652	800
652	968
653	867
653	923
653	925
655	679
655	929
656	908
657	667
657	671
657	932
658	696
658	735
658	910
659	868
660	666
660	914
661	904
662	685
662	895
662	909
662	977
663	844
664	744
665	701
665	948
666	943
667	671
667	932
668	732
669	872
669	874
669	883
669	944
670	673
670	955
671	932
673	782
674	885
674	886
675	722
675	733
675	772
675	855
675	946
675	961
675	980
677	699
677	911
677	941
679	945
681	803
682	817
682	825
682	858
683	685
684	726
684	802
684	900
685	895
686	833
687	950
687	969
689	707
689	835
689	888
689	973
690	742
690	793
690	841
690	952
692	927
693	738
693	763
693	967
694	715
694	784
694	822
694	952
695	741
696	910
696	959
697	709
697	757
697	771
698	770
698	883
698	892
699	911
699	941
700	792
701	948
702	720
702	725
702	796
702	804
703	807
704	743
704	809
704	813
704	966
705	774
706	983
707	888
707	973
708	825
709	757
709	771
709	844
710	716
710	746
710	903
711	853
711	916
711	951
712	776
712	831
712	916
712	951
713	764
713	938
714	827
715	784
715	822
715	832
715	952
716	768
716	881
717	945
717	953
718	820
719	779
720	725
720	804
721	939
722	733
722	855
722	918
722	980
723	745
723	772
723	931
723	958
724	780
724	808
724	813
724	859
725	804
726	900
727	767
728	734
728	748
728	759
728	762
729	736
729	902
729	972
730	775
731	978
733	855
733	980
734	748
734	762
736	769
736	811
737	875
737	927
737	970
738	763
738	967
740	766
740	979
741	821
741	929
742	832
742	841
742	952
742	971
743	808
745	931
745	949
745	958
746	903
747	798
747	819
747	860
749	806
749	937
750	828
750	921
750	976
752	781
752	964
754	845
755	798
755	819
755	848
756	816
756	863
757	835
758	765
759	762
760	788
760	812
761	957
763	967
764	919
764	938
766	979
767	779
768	777
768	881
769	969
770	883
771	844
772	946
772	961
773	794
773	797
773	852
773	865
776	831
776	905
776	916
776	947
776	951
777	881
778	833
778	845
780	794
780	808
780	813
781	964
782	963
782	982
783	823
783	836
784	822
784	952
785	838
786	799
786	814
787	815
787	926
788	812
789	824
789	826
789	866
790	806
790	838
791	799
791	814
793	841
793	851
794	797
794	808
795	839
797	808
798	819
798	848
799	814
800	968
801	812
801	865
805	807
805	948
809	813
809	966
810	820
810	975
812	865
813	966
815	926
816	863
817	825
817	842
817	858
818	856
818	860
818	922
819	848
821	929
821	965
823	836
824	826
825	842
825	858
828	921
828	976
829	984
830	837
830	856
830	922
831	905
831	947
831	951
832	952
832	971
834	853
835	888
837	856
837	922
841	952
841	971
842	857
843	846
843	847
843	862
845	852
846	847
846	862
847	862
850	861
852	865
854	974
856	860
856	922
857	859
860	922
861	984
862	863
864	866
867	904
867	925
869	887
870	884
870	908
871	906
872	874
873	954
874	939
874	944
875	927
875	970
876	882
877	879
880	884
880	913
882	912
882	928
885	886
885	924
885	941
886	924
887	899
887	907
887	915
887	942
889	891
889	896
891	896
893	906
894	962
899	907
899	915
899	942
901	934
902	972
905	917
905	947
907	942
907	960
909	977
910	959
911	941
912	928
912	981
916	951
917	947
918	980
920	930
920	935
921	976
923	925
927	930
927	970
928	981
930	935
931	949
931	958
933	937
938	943
942	960
945	953
946	961
949	958
952	971
963	974
963	982
974	982
